1.0	-50.0	-0.0	0.0	0.0	-2.9972987839052685	0.0
1.0	50.0	0.0	0.0	-0.0	2.9972987839052685	0.0
1e-35	-45.0	0.0	0.0	0.0	25.953863144659177	-7.757440458701508
1e-35	-45.66987298107781	2.4148145657226703	-0.6470476127563017	-14.986224169919002	22.075142915308426	-6.718140505580714
1e-35	-47.5	4.182581518689039	-1.1207193402100666	-25.95690167591644	11.478282180376958	-3.8787202293507548
1e-35	-50.0	4.8296291314453415	-1.2940952255126037	-29.972448339838014	-2.9972987839052667	-4.750062313662488e-16
1e-35	-52.5	4.18258151868904	-1.1207193402100668	-25.956901675916445	-17.472879748187488	3.878720229350752
1e-35	-54.33012701892219	2.4148145657226725	-0.6470476127563023	-14.986224169919012	-28.069740483118952	6.7181405055807115
1e-35	-55.0	5.914589856893349e-16	-1.5848095757158823e-16	-3.670566292199202e-15	-31.948460712469714	7.757440458701508
1e-35	-54.3301270189222	-2.4148145657226694	0.6470476127563015	14.986224169919	-28.06974048311897	6.718140505580716
1e-35	-52.5	-4.182581518689038	1.1207193402100664	25.956901675916434	-17.47287974818751	3.878720229350758
1e-35	-50.0	-4.8296291314453415	1.2940952255126037	29.972448339838014	-2.997298783905273	1.247491570515581e-15
1e-35	-47.5	-4.182581518689042	1.1207193402100675	25.956901675916455	11.478282180376937	-3.878720229350749
1e-35	-45.66987298107781	-2.414814565722673	0.6470476127563024	14.98622416991902	22.075142915308415	-6.7181405055807115
1e-35	-43.75	0.0	0.0	0.0	22.89757544933246	-6.938510638901536
1e-35	-44.29034088973374	2.455483925281463	-0.6579449348067712	-10.903936857098971	20.65884594809549	-6.33864487697336
1e-35	-45.81793371025714	4.4863923725106085	-1.2021252131433662	-19.922483972449	14.329754113367468	-4.642769831035574
1e-35	-48.06864378515658	5.741562820937493	-1.53844712116276	-25.496252618877648	5.004657421367128	-2.144117703071949
1e-35	-50.65330289542283	6.003964897163561	-1.6087575455797847	-26.66148756131887	-5.704050194014761	0.7252718544506411
1e-35	-53.125	5.2282268983613	-1.4008991752625837	-23.216709092397483	-15.944735900524128	3.4692553194507667
1e-35	-55.05635621484342	3.548480971882098	-0.9508126107730135	-15.75755070421991	-23.946692105796526	5.613373022522717
1e-35	-56.11342250458628	1.2551704484268866	-0.3363219080193944	-5.573768646428651	-28.326307886450405	6.7868875341075245
1e-35	-56.11342250458628	-1.2551704484268826	0.33632190801939327	5.573768646428633	-28.3263078864504	6.786887534107524
1e-35	-55.05635621484342	-3.5484809718820967	0.9508126107730132	15.7575507042199	-23.946692105796533	5.613373022522719
1e-35	-53.125	-5.228226898361298	1.400899175262583	23.21670909239748	-15.94473590052415	3.4692553194507725
1e-35	-50.65330289542284	-6.003964897163561	1.6087575455797847	26.661487561318864	-5.704050194014783	0.7252718544506471
1e-35	-48.06864378515658	-5.741562820937494	1.5384471211627602	25.496252618877648	5.004657421367122	-2.144117703071948
1e-35	-45.81793371025714	-4.486392372510611	1.2021252131433668	19.922483972449015	14.329754113367454	-4.6427698310355705
1e-35	-44.29034088973375	-2.4554839252814675	0.6579449348067724	10.903936857098989	20.65884594809548	-6.3386448769733565
1e-35	-42.5	0.0	0.0	0.0	20.641462324935855	-6.333986949186209
1e-35	-42.95230534410569	2.477745671620141	-0.6639099517603265	-8.370137998637116	19.215870594593653	-5.95200079630453
1e-35	-44.25466667660766	4.656638647611342	-1.2477425650710143	-15.730713824558062	15.11104280573949	-4.852115505212225
1e-35	-46.25	6.27387227803356	-1.6810790103151003	-21.19393340262705	8.822081770515297	-3.1669934745931054
1e-35	-48.69763866749802	7.134384319231485	-1.9116525168313412	-24.10085182319517	1.1075290049488995	-1.0998852910923054
1e-35	-51.302361332501974	7.134384319231485	-1.9116525168313412	-24.100851823195175	-7.102126572759434	1.0998852910923047
1e-35	-53.75	6.2738722780335605	-1.6810790103151005	-21.193933402627056	-14.816679338325827	3.1669934745931037
1e-35	-55.74533332339234	4.656638647611344	-1.2477425650710148	-15.730713824558062	-21.105640373550017	4.852115505212223
1e-35	-57.04769465589431	2.4777456716201423	-0.6639099517603269	-8.37013799863712	-25.210468162404187	5.952000796304528
1e-35	-57.5	8.871884785340025e-16	-2.377214363573824e-16	-2.9970347970681283e-15	-26.636059892746392	6.333986949186209
1e-35	-57.04769465589431	-2.4777456716201405	0.6639099517603264	8.370137998637114	-25.21046816240419	5.95200079630453
1e-35	-55.74533332339234	-4.656638647611342	1.2477425650710143	15.730713824558062	-21.105640373550028	4.852115505212225
1e-35	-53.75000000000001	-6.273872278033558	1.6810790103150999	21.193933402627042	-14.816679338325844	3.166993474593108
1e-35	-51.30236133250198	-7.134384319231485	1.9116525168313412	24.100851823195175	-7.102126572759434	1.0998852910923047
1e-35	-48.697638667498026	-7.134384319231485	1.9116525168313412	24.100851823195175	1.1075290049488906	-1.0998852910923027
1e-35	-46.25	-6.27387227803356	1.6810790103151003	21.19393340262705	8.822081770515297	-3.1669934745931054
1e-35	-44.25466667660767	-4.656638647611345	1.2477425650710152	15.730713824558066	15.11104280573948	-4.852115505212223
1e-35	-42.95230534410569	-2.4777456716201467	0.663909951760328	8.370137998637134	19.215870594593646	-5.952000796304527
1e-35	-41.25	0.0	0.0	0.0	18.887987834091884	-5.864144875415993
1e-35	-41.63873794937127	2.491226809713522	-0.6675222118255004	-6.678361110711078	17.915685955088147	-5.603617372137678
1e-35	-42.770410724735044	4.761097184815213	-1.2757321457573279	-12.763320529230466	15.085173606902941	-4.845183874275132
1e-35	-44.54446423373608	6.607923181315216	-1.770587680080307	-17.714202907818134	10.647954233171369	-3.6562345264440252
1e-35	-46.80326603679404	7.867606204762111	-2.1081187289320975	-21.09110062054711	4.998294247665966	-2.1424126958174243
1e-35	-49.346111681118785	8.428217890494745	-2.258334177391607	-22.593961486369896	-1.3618092667766248	-0.4382280953441869
1e-35	-51.94705817211775	8.239945430031911	-2.2078867236535706	-22.089249722161856	-7.867233202043622	1.304894994532701
1e-35	-54.375	7.319517657705818	-1.9612588453676165	-19.621811183063976	-13.939942092903848	2.9320724377079976
1e-35	-56.41420387851098	5.74871862031839	-1.5403645118280702	-15.41088861145078	-19.04034910476033	4.298722377604977
1e-35	-57.883477594146164	3.6671207056795323	-0.9826020316342794	-9.830640957139433	-22.715260691842122	5.283411969619319
1e-35	-58.65226972946988	1.2596830234468936	-0.3375310488517901	-3.376897712728971	-24.63814483255314	5.79864722226145
1e-35	-58.65226972946988	-1.259683023446895	0.3375310488517905	3.3768977127289754	-24.63814483255314	5.79864722226145
1e-35	-57.88347759414617	-3.6671207056795305	0.982602031634279	9.830640957139428	-22.715260691842122	5.283411969619319
1e-35	-56.41420387851098	-5.74871862031839	1.5403645118280704	15.410888611450781	-19.04034910476033	4.298722377604977
1e-35	-54.375	-7.319517657705821	1.9612588453676172	19.621811183063983	-13.93994209290384	2.932072437707995
1e-35	-51.94705817211775	-8.239945430031911	2.2078867236535706	22.089249722161856	-7.867233202043628	1.3048949945327026
1e-35	-49.346111681118785	-8.428217890494745	2.258334177391607	22.593961486369896	-1.36180926677662	-0.4382280953441881
1e-35	-46.80326603679404	-7.867606204762109	2.108118728932097	21.091100620547106	4.998294247665977	-2.142412695817427
1e-35	-44.54446423373608	-6.607923181315217	1.7705876800803073	17.714202907818137	10.647954233171363	-3.656234526444024
1e-35	-42.770410724735044	-4.761097184815212	1.2757321457573276	12.763320529230462	15.085173606902941	-4.845183874275132
1e-35	-41.63873794937127	-2.491226809713519	0.6675222118254995	6.67836111071107	17.915685955088147	-5.603617372137678
1e-35	-40.0	0.0	0.0	0.0	17.474540500759232	-5.485412803905585
1e-35	-40.34074173710932	2.5	-0.6698729810778067	-5.485412803905585	16.7769794927913	-5.298501895149138
1e-35	-41.33974596215561	4.829629131445341	-1.2940952255126035	-10.597003790298272	14.731834098806441	-4.750506838426665
1e-35	-42.928932188134524	6.830127018922193	-1.830127018922193	-14.986426480758913	11.478477597642163	-3.8787725912491533
1e-35	-45.0	8.365163037378078	-2.241438680420133	-18.354548972796582	7.238620858426984	-2.742706401952793
1e-35	-47.41180954897479	9.330127018922191	-2.499999999999999	-20.4718392846645	2.3012031112438738	-1.4197293038999856
1e-35	-50.0	9.659258262890683	-2.5881904510252074	-21.19400758059655	-2.997298783905267	-3.358846616152441e-16
1e-35	-52.588190451025206	9.330127018922193	-2.5	-20.4718392846645	-8.295800679054404	1.4197293038999839
1e-35	-55.0	8.36516303737808	-2.2414386804201336	-18.354548972796582	-13.233218426237514	2.742706401952791
1e-35	-57.071067811865476	6.830127018922194	-1.8301270189221932	-14.986426480758917	-17.4730751654527	3.8787725912491524
1e-35	-58.66025403784438	4.829629131445345	-1.2940952255126046	-10.59700379029828	-20.72643166661697	4.750506838426663
1e-35	-59.65925826289068	2.500000000000002	-0.6698729810778074	-5.485412803905592	-22.771577060601835	5.298501895149138
1e-35	-60.0	1.1829179713786698e-15	-3.1696191514317646e-16	-2.5955173544682305e-15	-23.46913806856977	5.485412803905585
1e-35	-59.65925826289069	-2.499999999999996	0.6698729810778056	5.485412803905577	-22.77157706060184	5.298501895149139
1e-35	-58.66025403784439	-4.829629131445339	1.294095225512603	10.59700379029827	-20.726431666616985	4.750506838426666
1e-35	-57.071067811865476	-6.830127018922189	1.830127018922192	14.986426480758906	-17.473075165452705	3.878772591249154
1e-35	-55.00000000000001	-8.365163037378077	2.2414386804201327	18.354548972796575	-13.233218426237531	2.742706401952796
1e-35	-52.58819045102521	-9.330127018922191	2.499999999999999	20.471839284664497	-8.295800679054421	1.4197293038999885
1e-35	-50.0	-9.659258262890683	2.5881904510252074	21.19400758059655	-2.9972987839052716	8.821216572786798e-16
1e-35	-47.411809548974794	-9.330127018922195	2.5000000000000004	20.471839284664505	2.3012031112438605	-1.419729303899982
1e-35	-45.00000000000001	-8.365163037378084	2.241438680420135	18.35454897279659	7.238620858426968	-2.742706401952789
1e-35	-42.928932188134524	-6.830127018922195	1.8301270189221936	14.986426480758919	11.478477597642158	-3.878772591249152
1e-35	-41.33974596215562	-4.829629131445346	1.2940952255126048	10.597003790298285	14.731834098806434	-4.750506838426663
1e-35	-40.34074173710932	-2.500000000000008	0.6698729810778088	5.485412803905603	16.776979492791295	-5.298501895149136
1e-35	-38.75	0.0	0.0	0.0	16.30375462010851	-5.171701672675463
1e-35	-39.05324520597698	2.5060255369004754	-0.6714875188242531	-4.608148075006442	15.783492227657586	-5.032297784765954
1e-35	-39.94663279636161	4.876950588446114	-1.3067749717006247	-8.967869694514615	14.250752530546748	-4.621601420717982
1e-35	-41.3820000149115	6.984957971417012	-1.8716138476065214	-12.844131137544958	11.788165922582127	-3.961753327822164
1e-35	-43.281965843343656	8.71640446215984	-2.335553536538763	-16.027962146370815	8.528491085215869	-3.0883260875618235
1e-35	-45.544102632059484	9.977947332190427	-2.6735829297806997	-18.347721567202456	4.647457932665782	-2.048406388537614
1e-35	-48.04645800124703	10.701576478847224	-2.8674787752470112	-19.6783505692155	0.35429396675382874	-0.8980565708971101
1e-35	-50.654129325242856	10.848280867529544	-2.9067880977205403	-19.948114598490942	-4.119555231873606	0.3007077089337362
1e-35	-53.22653636799976	10.410151626670501	-2.7893917214518993	-19.142470606384723	-8.532903294905813	1.4832607583406756
1e-35	-55.625	9.41080841705034	-2.5216185154726505	-17.304851069044478	-12.647825485912156	2.5858508363377313
1e-35	-57.72021842602325	7.9041260897700285	-2.1179042026276464	-14.534322531378285	-16.242485284467577	3.5490370264252786
1e-35	-59.39923787839553	5.971330279083431	-1.6000131260199157	-10.98024490397633	-19.123093650388945	4.320893711784245
1e-35	-60.57154198384147	3.7166185074302134	-0.9958649276404902	-6.834219431670549	-21.134356241051755	4.859809898719273
1e-35	-61.17393152459686	1.2615428700305884	-0.3380293932419369	-2.319759420831644	-22.16784536959745	5.136732476099437
1e-35	-61.17393152459686	-1.261542870030586	0.33802939324193626	2.319759420831639	-22.16784536959745	5.136732476099437
1e-35	-60.57154198384147	-3.7166185074302107	0.9958649276404895	6.834219431670545	-21.13435624105176	4.8598098987192735
1e-35	-59.39923787839554	-5.971330279083428	1.600013126019915	10.980244903976326	-19.12309365038895	4.3208937117842465
1e-35	-57.72021842602325	-7.904126089770025	2.1179042026276456	14.534322531378283	-16.242485284467584	3.5490370264252804
1e-35	-55.62500000000001	-9.410808417050337	2.5216185154726496	17.304851069044464	-12.647825485912168	2.5858508363377344
1e-35	-53.22653636799977	-10.410151626670501	2.789391721451899	19.14247060638472	-8.532903294905822	1.4832607583406778
1e-35	-50.654129325242856	-10.848280867529544	2.9067880977205403	19.948114598490942	-4.119555231873615	0.3007077089337385
1e-35	-48.04645800124704	-10.701576478847226	2.8674787752470117	19.678350569215503	0.3542939667538203	-0.898056570897108
1e-35	-45.54410263205949	-9.977947332190427	2.6735829297806997	18.347721567202456	4.647457932665775	-2.0484063885376123
1e-35	-43.281965843343656	-8.716404462159842	2.3355535365387636	16.027962146370818	8.528491085215862	-3.0883260875618217
1e-35	-41.3820000149115	-6.984957971417017	1.8716138476065225	12.84413113754496	11.788165922582118	-3.9617533278221617
1e-35	-39.94663279636161	-4.876950588446117	1.3067749717006254	8.967869694514619	14.250752530546745	-4.621601420717981
1e-35	-39.05324520597698	-2.5060255369004785	0.6714875188242538	4.608148075006447	15.783492227657586	-5.032297784765954
1e-35	-37.5	0.0	0.0	0.0	15.313300585006967	-4.906310313829858
1e-35	-37.77315499082743	2.510340896853768	-0.6726438160387874	-3.941283658708012	14.913170056794169	-4.7990956619282
1e-35	-38.58068177946749	4.910967850562926	-1.3158898696135424	-7.710314309153195	13.73026609627798	-4.482137500984311
1e-35	-39.887287570313156	7.096961943764195	-1.9016252215460268	-11.142367226095445	11.816287282735917	-3.9692884235654367
1e-35	-41.63586742051427	8.972784745021217	-2.4042504262867324	-14.087445228247299	9.254883674609102	-3.2829623952776927
1e-35	-43.75	10.456453796722599	-2.801798350525167	-16.41683427486254	6.158000900550849	-2.453155156914929
1e-35	-46.137287570313156	11.483125641874986	-3.07689424232552	-18.028728886955317	2.6609875982797995	-1.5161332666505076
1e-35	-48.69339420915433	12.007929794327122	-3.2175150911595694	-18.85268153524864	-1.0833199703632033	-0.5128490774188746
1e-35	-51.306605790845666	12.007929794327122	-3.2175150911595694	-18.85268153524864	-4.911277597447327	0.512849077418873
1e-35	-53.862712429686844	11.483125641874988	-3.0768942423255203	-18.028728886955317	-8.655585166090335	1.5161332666505072
1e-35	-56.25	10.4564537967226	-2.8017983505251673	-16.416834274862552	-12.152598468361383	2.453155156914928
1e-35	-58.36413257948573	8.97278474502122	-2.4042504262867332	-14.087445228247308	-15.249481242419634	3.2829623952776914
1e-35	-60.11271242968684	7.096961943764196	-1.901625221546027	-11.142367226095446	-17.81088485054645	3.969288423565436
1e-35	-61.41931822053251	4.91096785056293	-1.3158898696135433	-7.710314309153199	-19.724863664088513	4.48213750098431
1e-35	-62.22684500917257	2.5103408968537733	-0.6726438160387888	-3.941283658708021	-20.907767624604706	4.7990956619282
1e-35	-62.5	1.4786474642233374e-15	-3.9620239392897057e-16	-2.3215050573559444e-15	-21.307898152817504	4.906310313829858
1e-35	-62.22684500917257	-2.5103408968537653	0.6726438160387865	3.9412836587080076	-20.907767624604706	4.7990956619282
1e-35	-61.41931822053252	-4.910967850562923	1.3158898696135415	7.710314309153189	-19.72486366408852	4.482137500984312
1e-35	-60.112712429686844	-7.096961943764193	1.9016252215460263	11.142367226095443	-17.810884850546458	3.9692884235654375
1e-35	-58.36413257948573	-8.972784745021215	2.404250426286732	14.087445228247297	-15.249481242419645	3.2829623952776945
1e-35	-56.25000000000001	-10.456453796722595	2.801798350525166	16.416834274862545	-12.152598468361395	2.4531551569149315
1e-35	-53.862712429686844	-11.483125641874986	3.07689424232552	18.028728886955314	-8.65558516609034	1.5161332666505083
1e-35	-51.30660579084568	-12.007929794327122	3.2175150911595694	18.852681535248635	-4.911277597447343	0.5128490774188772
1e-35	-48.693394209154334	-12.007929794327122	3.2175150911595694	18.85268153524864	-1.0833199703632155	-0.5128490774188714
1e-35	-46.13728757031316	-11.483125641874988	3.0768942423255203	18.028728886955317	2.660987598279797	-1.516133266650507
1e-35	-43.75000000000001	-10.456453796722604	2.8017983505251682	16.416834274862556	6.158000900550837	-2.4531551569149257
1e-35	-41.63586742051427	-8.972784745021222	2.4042504262867337	14.087445228247308	9.254883674609093	-3.2829623952776905
1e-35	-39.88728757031316	-7.096961943764198	1.9016252215460274	11.14236722609545	11.816287282735912	-3.9692884235654353
1e-35	-38.5806817794675	-4.910967850562935	1.3158898696135448	7.710314309153209	13.730266096277973	-4.482137500984309
1e-35	-37.77315499082743	-2.510340896853775	0.6726438160387892	3.941283658708023	14.913170056794169	-4.7990956619282
1e-35	-36.25	0.0	0.0	0.0	14.46118142732282	-4.6779856736733025
1e-35	-36.49848041263778	2.513536638044625	-0.6735001123100963	-3.4205929841529343	14.145683946092674	-4.5934483783636315
1e-35	-37.234940921029	4.936227513034485	-1.3226581757738791	-6.71755682559049	13.210594403394559	-4.342891890546883
1e-35	-38.43276392357126	7.180510264487938	-1.92401192661293	-9.771730660927613	11.689709371653628	-3.9353719745113187
1e-35	-40.048656976055284	9.165270666345785	-2.4558268734600106	-12.472728690182906	9.637997598544295	-3.3856174618052464
1e-35	-42.02421749339602	10.818774306442094	-2.8988818385057384	-14.722929807197362	7.1296132932296175	-2.7134979128892756
1e-35	-44.28804357122406	12.081259255062074	-3.2371636609449093	-16.441005880760255	4.255216000035225	-1.9433054794516336
1e-35	-46.758314636745375	12.907096016790147	-3.4584459543298802	-17.564861165169468	1.1186939263062667	-1.1028769227535689
1e-35	-49.34574865742354	13.266436699360765	-3.5547310000323256	-18.053876602270073	-2.166590848084141	-0.22258752054939598
1e-35	-51.95682902625767	13.146293794252811	-3.52253880563232	-17.890377900047966	-5.48189957166354	0.6657467745935602
1e-35	-54.49718449561455	12.55100957908617	-3.3630328809114243	-17.08027432759316	-8.707408349209146	1.5300192467164029
1e-35	-56.875	11.50209917639486	-3.081978185577684	-15.652845138718444	-11.72653888951931	2.3389928368366504
1e-35	-59.00433509174767	10.037472941041544	-2.6895327686013277	-13.659681343440225	-14.430171948599329	3.063429131647227
1e-35	-60.80823005271333	8.21006628121833	-2.1998806298584417	-11.172821074457481	-16.72059118344682	3.677145115953322
1e-35	-62.2214874190052	6.085926434872828	-1.630719073419396	-8.282145941342465	-18.51501487528529	4.157959495060714
1e-35	-63.19302838719934	3.741825350444366	-1.0026190808698705	-5.092132474986569	-19.748587876566365	4.488494384558814
1e-35	-63.68773893537991	1.2624849486199818	-0.33828182243917154	-1.7180760735628946	-20.376725644980645	4.656803392340909
1e-35	-63.68773893537991	-1.2624849486199785	0.33828182243917065	1.7180760735628902	-20.376725644980645	4.656803392340909
1e-35	-63.19302838719934	-3.7418253504443575	1.0026190808698683	5.092132474986556	-19.74858787656637	4.488494384558815
1e-35	-62.2214874190052	-6.085926434872825	1.630719073419395	8.28214594134246	-18.51501487528529	4.157959495060714
1e-35	-60.808230052713334	-8.210066281218323	2.19988062985844	11.17282107445747	-16.720591183446828	3.6771451159533246
1e-35	-59.00433509174768	-10.037472941041543	2.6895327686013273	13.659681343440223	-14.430171948599334	3.063429131647229
1e-35	-56.87500000000001	-11.502099176394857	3.081978185577683	15.652845138718437	-11.726538889519324	2.338992836836654
1e-35	-54.497184495614555	-12.551009579086166	3.3630328809114234	17.080274327593163	-8.707408349209153	1.530019246716405
1e-35	-51.95682902625767	-13.14629379425281	3.5225388056323195	17.890377900047966	-5.481899571663545	0.6657467745935614
1e-35	-49.34574865742354	-13.266436699360765	3.5547310000323256	18.053876602270073	-2.166590848084141	-0.22258752054939598
1e-35	-46.75831463674538	-12.907096016790149	3.4584459543298807	17.56486116516947	1.118693926306256	-1.102876922753566
1e-35	-44.288043571224065	-12.081259255062077	3.23716366094491	16.441005880760258	4.255216000035219	-1.9433054794516316
1e-35	-42.02421749339603	-10.818774306442098	2.8988818385057393	14.722929807197366	7.129613293229612	-2.713497912889274
1e-35	-40.048656976055284	-9.165270666345787	2.455826873460011	12.472728690182908	9.637997598544292	-3.3856174618052455
1e-35	-38.432763923571265	-7.180510264487946	1.9240119266129323	9.771730660927624	11.689709371653619	-3.9353719745113165
1e-35	-37.23494092102901	-4.936227513034491	1.3226581757738811	6.7175568255905	13.210594403394555	-4.342891890546882
1e-35	-36.49848041263778	-2.5135366380446307	0.6735001123100979	3.420592984152942	14.14568394609267	-4.593448378363631
1e-35	-35.0	0.0	0.0	0.0	13.717929785072766	-4.478831996359295
1e-35	-35.227883704816875	2.5159688924478094	-0.6741518329132167	-3.004960527290642	13.463987904195456	-4.4107884744537795
1e-35	-35.90461068821137	4.955491343240282	-1.327819903520653	-5.918616849542954	12.709878157113193	-4.2087253767186485
1e-35	-37.00961894323342	7.244443697168013	-1.9411428382689055	-8.652438993786538	11.47851378689312	-3.878782288129722
1e-35	-38.509333353215325	9.313277295222685	-2.4954851301420287	-11.123361157549311	9.807309176823946	-3.4309843624745175
1e-35	-40.35818585470191	11.09913167540772	-2.9740033691121925	-13.25630562123228	7.747043033312277	-2.8789377131273826
1e-35	-42.5	12.54774455606712	-3.3621580206302006	-14.986463946628419	5.36031550058375	-2.239415998179648
1e-35	-44.86969785011497	13.61510056785553	-3.6481552020254093	-16.261266148522925	2.7196460869779138	-1.5318507613263976
1e-35	-47.395277334996045	14.26876863846297	-3.8233050336626824	-17.04197800709226	-0.09472980361601957	-0.7777410142441314
1e-35	-50.0	14.488887394336027	-3.8822856765378115	-17.30487798757308	-2.9972987839052676	-2.7424936341300807e-16
1e-35	-52.604722665003955	14.26876863846297	-3.8233050336626824	-17.041978007092265	-5.899867764194516	0.777741014244131
1e-35	-55.13030214988503	13.615100567855531	-3.6481552020254098	-16.261266148522925	-8.714243654788449	1.5318507613263972
1e-35	-57.5	12.547744556067121	-3.362158020630201	-14.986463946628422	-11.354913068394282	2.2394159981796466
1e-35	-59.64181414529809	11.09913167540772	-2.9740033691121925	-13.25630562123228	-13.741640601122814	2.8789377131273826
1e-35	-61.49066664678467	9.313277295222688	-2.4954851301420296	-11.123361157549313	-15.801906744634477	3.430984362474516
1e-35	-62.99038105676658	7.244443697168013	-1.9411428382689055	-8.652438993786538	-17.473111354703658	3.878782288129722
1e-35	-64.09538931178862	4.9554913432402845	-1.3278199035206537	-5.918616849542957	-18.704475724923725	4.208725376718648
1e-35	-64.77211629518312	2.5159688924478147	-0.6741518329132181	-3.0049605272906477	-19.45858547200599	4.410788474453779
1e-35	-65.0	1.774376957068005e-15	-4.754428727147648e-16	-2.1192363437116864e-15	-19.712527352883303	4.478831996359295
1e-35	-64.77211629518312	-2.5159688924478054	0.6741518329132156	3.0049605272906366	-19.458585472005993	4.4107884744537795
1e-35	-64.09538931178862	-4.955491343240281	1.3278199035206528	5.918616849542953	-18.704475724923732	4.2087253767186485
1e-35	-62.99038105676658	-7.244443697168009	1.9411428382689047	8.652438993786536	-17.47311135470366	3.878782288129723
1e-35	-61.490666646784675	-9.313277295222685	2.4954851301420287	11.123361157549311	-15.801906744634485	3.430984362474518
1e-35	-59.64181414529809	-11.099131675407719	2.974003369112192	13.256305621232277	-13.741640601122814	2.8789377131273826
1e-35	-57.50000000000001	-12.547744556067116	3.3621580206301998	14.986463946628415	-11.354913068394294	2.2394159981796498
1e-35	-55.13030214988504	-13.615100567855528	3.648155202025409	16.261266148522918	-8.714243654788458	1.5318507613263996
1e-35	-52.604722665003955	-14.26876863846297	3.8233050336626824	17.041978007092265	-5.899867764194516	0.777741014244131
1e-35	-50.0	-14.488887394336027	3.8822856765378115	17.30487798757308	-2.997298783905271	7.202511177441809e-16
1e-35	-47.39527733499605	-14.26876863846297	3.8233050336626824	17.041978007092265	-0.09472980361602623	-0.7777410142441297
1e-35	-44.869697850114974	-13.615100567855533	3.64815520202541	16.261266148522925	2.719646086977903	-1.5318507613263947
1e-35	-42.5	-12.54774455606712	3.3621580206302006	14.986463946628419	5.36031550058375	-2.239415998179648
1e-35	-40.35818585470191	-11.099131675407722	2.974003369112193	13.256305621232283	7.747043033312275	-2.878937713127382
1e-35	-38.50933335321533	-9.31327729522269	2.4954851301420304	11.123361157549315	9.807309176823939	-3.4309843624745158
1e-35	-37.00961894323342	-7.24444369716802	1.9411428382689075	8.652438993786546	11.478513786893116	-3.8787822881297207
1e-35	-35.90461068821138	-4.955491343240293	1.327819903520656	5.918616849542967	12.709878157113186	-4.208725376718647
1e-35	-35.227883704816875	-2.5159688924478103	0.6741518329132169	3.0049605272906423	13.463987904195452	-4.410788474453779
1e-35	-33.75	0.0	0.0	0.0	13.062178114483967	-4.303123865789666
1e-35	-33.960433232133916	2.5178627338900728	-0.6746592861982638	-2.6669969774731785	12.854212106477318	-4.24739954189116
1e-35	-34.58628281835888	4.970514145544819	-1.3318452512662062	-5.264920134138841	12.235700292825236	-4.081669800913976
1e-35	-35.61133958313534	7.294431851720876	-1.9545371239124676	-7.726484624865578	11.222661804612	-3.810226956095594
1e-35	-37.00905509469311	9.429427604526078	-2.526607511720498	-9.987937222343888	9.84133380655771	-3.4401012345344473
1e-35	-38.74322925546901	11.320206135424424	-3.0332400921408147	-11.990707492185464	8.127491968233763	-2.980878698000875
1e-35	-40.76894786561871	12.917797273645904	-3.461313347462378	-13.682924736408216	6.125523893013062	-2.444452968972599
1e-35	-43.03374587720037	14.180824247886585	-3.799740405228893	-15.020761417267583	3.887279502458389	-1.8447171920599843
1e-35	-45.478966211357644	15.076575322951168	-4.039756182411758	-15.969568267462575	1.4707281505894443	-1.197204208858363
1e-35	-48.041278945851	15.581851016511868	-4.175144396456423	-16.504771687958446	-1.0615427519363752	-0.5186842655097395
1e-35	-50.65432152677799	15.683564953514573	-4.202398563735287	-16.612510191293772	-3.6439487188843414	0.17326932786328061
1e-35	-53.25041752386072	15.379082796418777	-4.120812815631783	-16.289993406824596	-6.209606792185932	0.8607353366588318
1e-35	-55.7623294144412	14.676290473156152	-3.93250018016677	-15.5455743498584	-8.69206777542079	1.5259087523583832
1e-35	-58.125	13.59338993573938	-3.6423378556827175	-14.398533082945276	-11.027037233099882	2.151561932894832
1e-35	-60.27723735342488	12.15842773926608	-3.2578408939685066	-12.878577372385221	-13.154040682772331	2.7214907895327767
1e-35	-62.163299657780385	10.408568650873963	-2.7889675643655782	-11.02507327268576	-15.017989852355104	3.220934464255143
1e-35	-63.73433889008666	8.389133101793696	-2.2478614398228203	-8.886025566428195	-16.57060943744346	3.636957628232312
1e-35	-64.9496659594559	6.152423411985791	-1.6485368847359252	-6.51683446561456	-17.771687406337136	3.958785500044186
1e-35	-65.77780453317334	3.7563691875267486	-1.0065160902709447	-3.9788607752771177	-18.59011647053901	4.178082906859237
1e-35	-66.19730625718091	1.2630269742406834	-0.3384270577665155	-1.337836680859371	-19.004699747187257	4.289170161032584
1e-35	-66.19730625718091	-1.2630269742406723	0.33842705776651255	1.3378366808593594	-19.004699747187257	4.289170161032584
1e-35	-65.77780453317335	-3.756369187526738	1.006516090270942	3.9788607752771066	-18.59011647053901	4.178082906859238
1e-35	-64.9496659594559	-6.152423411985788	1.6485368847359243	6.516834465614556	-17.771687406337136	3.958785500044186
1e-35	-63.73433889008667	-8.389133101793687	2.247861439822818	8.886025566428186	-16.570609437443466	3.6369576282323144
1e-35	-62.1632996577804	-10.408568650873955	2.788967564365576	11.02507327268575	-15.017989852355113	3.220934464255145
1e-35	-60.27723735342489	-12.158427739266072	3.257840893968505	12.878577372385214	-13.15404068277234	2.7214907895327793
1e-35	-58.12500000000001	-13.593389935739376	3.642337855682716	14.39853308294527	-11.027037233099895	2.151561932894835
1e-35	-55.76232941444121	-14.67629047315615	3.9325001801667696	15.545574349858398	-8.692067775420798	1.525908752358385
1e-35	-53.250417523860726	-15.379082796418777	4.120812815631783	16.289993406824596	-6.2096067921859355	0.8607353366588328
1e-35	-50.654321526778	-15.683564953514573	4.202398563735287	16.612510191293772	-3.643948718884345	0.17326932786328159
1e-35	-48.04127894585101	-15.581851016511871	4.175144396456424	16.50477168795845	-1.0615427519363898	-0.5186842655097356
1e-35	-45.47896621135765	-15.076575322951172	4.039756182411759	15.969568267462579	1.4707281505894345	-1.1972042088583603
1e-35	-43.033745877200374	-14.180824247886587	3.799740405228894	15.020761417267586	3.887279502458383	-1.8447171920599827
1e-35	-40.76894786561872	-12.917797273645908	3.461313347462379	13.68292473640822	6.125523893013057	-2.444452968972598
1e-35	-38.74322925546901	-11.320206135424428	3.0332400921408156	11.990707492185468	8.127491968233759	-2.980878698000874
1e-35	-37.00905509469312	-9.42942760452609	2.5266075117205014	9.9879372223439	9.8413338065577	-3.4401012345344446
1e-35	-35.61133958313535	-7.294431851720887	1.9545371239124705	7.72648462486559	11.222661804611995	-3.8102269560955926
1e-35	-34.58628281835889	-4.970514145544828	1.3318452512662085	5.26492013413885	12.235700292825234	-4.081669800913975
1e-35	-33.960433232133916	-2.517862733890079	0.6746592861982653	2.666996977473185	12.854212106477318	-4.24739954189116
1e-35	-32.5	0.0	0.0	0.0	12.47800400890147	-4.146594885959662
1e-35	-32.69546054106025	2.5193660468937895	-0.6750620977035808	-2.3878377979223315	12.305157662789858	-4.100280847104386
1e-35	-33.27747589874254	4.982453619427044	-1.3350444236510008	-4.722335245222261	11.790479726207165	-3.962373309634937
1e-35	-34.233044811707664	7.334241411359063	-1.9652040632685583	-6.951343526568016	10.945467253776963	-3.735952900053038
1e-35	-35.54082144947009	9.522194369630427	-2.5514642915146557	-9.025070280279639	9.788996427792265	-3.4260774761602844
1e-35	-37.171592242978036	11.49743724063678	-3.080729023656141	-10.89719187740952	8.34690089549505	-3.039669142872716
1e-35	-39.08892846747216	13.215846362630431	-3.541175360160614	-12.52588821506559	6.651394688085711	-2.585359623835428
1e-35	-41.25	14.63903531541164	-3.922517690735234	-13.8747769084043	4.740352612498099	-2.0732974429798308
1e-35	-43.606532073588085	15.735212409524221	-4.216237457864195	-14.913726012987924	2.6564641907988777	-1.514921223268958
1e-35	-46.1058836557645	16.479890860063822	-4.415773447307141	-15.61952712263178	0.44628004680684796	-0.9227041667622213
1e-35	-48.69222336223758	16.85643578098949	-4.516668354783214	-15.976413806847656	-1.8408279579205697	-0.3098754238927534
1e-35	-51.30777663776242	16.85643578098949	-4.516668354783214	-15.976413806847656	-4.153769609889968	0.30987542389275385
1e-35	-53.8941163442355	16.479890860063822	-4.415773447307141	-15.61952712263178	-6.440877614617383	0.9227041667622209
1e-35	-56.393467926411915	15.735212409524221	-4.216237457864195	-14.913726012987924	-8.651061758609416	1.5149212232689584
1e-35	-58.75	14.639035315411636	-3.922517690735233	-13.874776908404296	-10.73495018030864	2.0732974429798325
1e-35	-60.911071532527835	13.215846362630433	-3.5411753601606146	-12.525888215065592	-12.645992255896248	2.5853596238354277
1e-35	-62.828407757021964	11.49743724063678	-3.0807290236561404	-10.897191877409519	-14.341498463305587	3.039669142872716
1e-35	-64.45917855052991	9.522194369630423	-2.551464291514655	-9.025070280279635	-15.783593995602804	3.4260774761602852
1e-35	-65.76695518829233	7.334241411359065	-1.9652040632685588	-6.951343526568018	-16.940064821587498	3.7359529000530376
1e-35	-66.72252410125746	4.982453619427044	-1.3350444236510008	-4.722335245222261	-17.7850772940177	3.9623733096349367
1e-35	-67.30453945893976	2.5193660468937873	-0.6750620977035802	-2.387837797922329	-18.299755230600397	4.100280847104386
1e-35	-67.5	2.070106449912672e-15	-5.5468335150055885e-16	-1.9620326442514286e-15	-18.47260157671201	4.146594885959662
1e-35	-67.30453945893976	-2.51936604689379	0.675062097703581	2.387837797922332	-18.299755230600397	4.100280847104386
1e-35	-66.72252410125746	-4.982453619427047	1.3350444236510015	4.722335245222264	-17.7850772940177	3.9623733096349367
1e-35	-65.76695518829234	-7.334241411359061	1.965204063268558	6.951343526568015	-16.940064821587498	3.7359529000530376
1e-35	-64.45917855052991	-9.522194369630427	2.5514642915146557	9.025070280279639	-15.783593995602804	3.4260774761602852
1e-35	-62.82840775702196	-11.49743724063678	3.080729023656141	10.89719187740952	-14.341498463305587	3.039669142872716
1e-35	-60.91107153252784	-13.21584636263043	3.5411753601606137	12.525888215065589	-12.645992255896251	2.585359623835429
1e-35	-58.74999999999999	-14.639035315411641	3.9225176907352344	13.874776908404302	-10.734950180308633	2.0732974429798303
1e-35	-56.39346792641191	-15.735212409524221	4.216237457864195	14.913726012987924	-8.651061758609412	1.5149212232689575
1e-35	-53.894116344235506	-16.479890860063822	4.415773447307141	15.61952712263178	-6.440877614617387	0.9227041667622218
1e-35	-51.307776637762416	-16.85643578098949	4.516668354783214	15.976413806847656	-4.153769609889962	0.309875423892752
1e-35	-48.69222336223757	-16.85643578098949	4.516668354783214	15.976413806847656	-1.840827957920566	-0.3098754238927544
1e-35	-46.1058836557645	-16.479890860063822	4.415773447307141	15.61952712263178	0.44628004680684485	-0.9227041667622204
1e-35	-43.606532073588085	-15.735212409524218	4.216237457864194	14.91372601298792	2.656464190798885	-1.5149212232689597
1e-35	-41.25	-14.639035315411638	3.9225176907352335	13.874776908404298	4.740352612498103	-2.073297442979832
1e-35	-39.088928467472165	-13.215846362630433	3.5411753601606146	12.525888215065592	6.651394688085709	-2.5853596238354273
1e-35	-37.171592242978036	-11.497437240636776	3.0807290236561395	10.897191877409515	8.346900895495054	-3.0396691428727167
1e-35	-35.54082144947009	-9.522194369630425	2.5514642915146553	9.025070280279637	9.788996427792265	-3.4260774761602844
1e-35	-34.23304481170767	-7.334241411359066	1.9652040632685592	6.95134352656802	10.945467253776961	-3.7359529000530376
1e-35	-33.27747589874254	-4.982453619427038	1.335044423650999	4.722335245222256	11.790479726207165	-3.962373309634937
1e-35	-32.69546054106025	-2.5193660468937886	0.6750620977035806	2.3878377979223306	12.305157662789858	-4.100280847104386
1e-35	55.0	0.0	0.0	0.0	17.983522953824277	-25.95690167591644
1e-35	54.33012701892219	1.25	-2.165063509461096	-14.986224169919002	15.975749621863494	-22.47933625487851
1e-35	52.5	2.165063509461097	-3.7499999999999996	-25.95690167591644	10.490410868864775	-12.978450837958224
1e-35	50.0	2.5000000000000004	-4.330127018922193	-29.972448339838014	2.9972987839052694	-1.5894018276596818e-15
1e-35	47.5	2.1650635094610973	-3.75	-25.956901675916445	-4.495813301054233	12.978450837958215
1e-35	45.66987298107781	1.250000000000001	-2.165063509461098	-14.986224169919012	-9.981152054052952	22.4793362548785
1e-35	45.0	3.0616169978683836e-16	-5.302876193624535e-16	-3.670566292199202e-15	-11.988925386013742	25.95690167591644
1e-35	45.6698729810778	-1.2499999999999996	2.1650635094610955	14.986224169919	-9.981152054052961	22.479336254878515
1e-35	47.5	-2.1650635094610964	3.7499999999999987	25.956901675916434	-4.495813301054245	12.978450837958235
1e-35	50.0	-2.5000000000000004	4.330127018922193	29.972448339838014	2.9972987839052663	4.174188150047067e-15
1e-35	52.5	-2.165063509461098	3.7500000000000018	25.956901675916455	10.490410868864764	-12.978450837958205
1e-35	54.33012701892219	-1.2500000000000013	2.1650635094610986	14.98622416991902	15.97574962186349	-22.4793362548785
1e-35	56.25	0.0	0.0	0.0	16.40147202809819	-23.216709092397476
1e-35	55.70965911026626	1.2710520096118756	-2.201526659710293	-10.903936857098971	15.242620364592199	-21.20951913276939
1e-35	54.18206628974286	2.322327579616857	-4.022389359714853	-19.922483972449	11.966441354531261	-15.535010632653142
1e-35	51.93135621484342	2.972051613422355	-5.1477443971645735	-25.496252618877648	7.139416111906853	-7.174357663010183
1e-35	49.34669710457717	3.107880923025855	-5.383007662554838	-26.66148756131887	1.5961811533163874	2.426806923560463
1e-35	46.875	2.7063293868263716	-4.6875	-23.216709092397483	-3.704787838191189	11.608354546198735
1e-35	44.94364378515658	1.8368289134139792	-3.1814810028445453	-15.75755070421991	-7.846905166192775	18.78271220920892
1e-35	43.88657749541372	0.6497240338054993	-1.1253550374497232	-5.573768646428651	-10.113961114722311	22.709368295663328
1e-35	43.88657749541372	-0.6497240338054971	1.1253550374497197	5.573768646428633	-10.11396111472231	22.709368295663324
1e-35	44.94364378515658	-1.8368289134139786	3.181481002844544	15.7575507042199	-7.846905166192778	18.782712209208928
1e-35	46.875	-2.7063293868263703	4.687499999999998	23.21670909239748	-3.7047878381911996	11.608354546198752
1e-35	49.34669710457716	-3.107880923025855	5.383007662554838	26.661487561318864	1.5961811533163757	2.426806923560483
1e-35	51.93135621484342	-2.9720516134223556	5.147744397164574	25.496252618877648	7.139416111906851	-7.174357663010179
1e-35	54.18206628974286	-2.3223275796168585	4.022389359714855	19.922483972449015	11.966441354531254	-15.53501063265313
1e-35	55.70965911026625	-1.271052009611878	2.2015266597102974	10.903936857098989	15.242620364592192	-21.20951913276938
1e-35	57.5	0.0	0.0	0.0	15.233621939099	-21.19393340262705
1e-35	57.04769465589431	1.282575537471258	-2.2214859954451787	-8.370137998637116	14.495681358392561	-19.91578282387662
1e-35	55.74533332339234	2.410453536324523	-4.175027994198145	-15.730713824558062	12.37086614114951	-16.23549491091615
1e-35	53.75	3.247595264191646	-5.625	-21.19393340262705	9.115460361502137	-10.596966701313528
1e-35	51.30236133250198	3.6930290737957816	-6.396513989643324	-24.10085182319517	5.122114001148324	-3.680287912960473
1e-35	48.697638667498026	3.6930290737957816	-6.396513989643324	-24.100851823195175	0.8724835666622144	3.68028791296047
1e-35	46.25	3.2475952641916463	-5.625000000000001	-21.193933402627056	-3.120862793691596	10.596966701313521
1e-35	44.25466667660766	2.410453536324524	-4.175027994198147	-15.730713824558062	-6.376268573338967	16.23549491091614
1e-35	42.95230534410569	1.2825755374712586	-2.22148599544518	-8.37013799863712	-8.501083790582022	19.915782823876615
1e-35	42.5	4.592425496802576e-16	-7.954314290436802e-16	-2.9970347970681283e-15	-9.239024371288464	21.19393340262705
1e-35	42.95230534410569	-1.2825755374712577	2.221485995445178	8.370137998637114	-8.501083790582024	19.91578282387662
1e-35	44.25466667660766	-2.410453536324523	4.175027994198145	15.730713824558062	-6.376268573338972	16.23549491091615
1e-35	46.24999999999999	-3.247595264191645	5.624999999999998	21.193933402627042	-3.1208627936916047	10.596966701313537
1e-35	48.69763866749802	-3.6930290737957816	6.396513989643324	24.100851823195175	0.8724835666622144	3.68028791296047
1e-35	51.302361332501974	-3.6930290737957816	6.396513989643324	24.100851823195175	5.122114001148319	-3.680287912960464
1e-35	53.75	-3.247595264191646	5.625	21.19393340262705	9.115460361502137	-10.596966701313528
1e-35	55.74533332339233	-2.4104535363245243	4.175027994198148	15.730713824558066	12.370866141149504	-16.23549491091614
1e-35	57.04769465589431	-1.2825755374712609	2.2214859954451835	8.370137998637134	14.495681358392558	-19.91578282387661
1e-35	58.75	0.0	0.0	0.0	14.325956752435268	-19.62181118306398
1e-35	58.36126205062873	1.2895538880477062	-2.233572853196615	-6.678361110711078	13.822656264685	-18.750069166806316
1e-35	57.229589275264956	2.464525254028347	-4.26868295651369	-12.763320529230466	12.357475258468623	-16.21230122175466
1e-35	55.45553576626392	3.4205127357976313	-5.9245018463379155	-17.714202907818134	10.060601496029403	-12.233999166638043
1e-35	53.19673396320596	4.072572650318395	-7.053902747866896	-21.09110062054711	7.136122290824542	-7.168652597544578
1e-35	50.653888318881215	4.362766612667664	-7.55653343470556	-22.593961486369896	3.8438904541021053	-1.4663397860455154
1e-35	48.05294182788225	4.265309615795479	-7.387732964569855	-22.089249722161856	0.47643523227633056	4.366263750369849
1e-35	45.625	3.7888611415569193	-6.562499999999998	-19.621811183063976	-2.6670302003597337	9.810905591531993
1e-35	43.58579612148902	2.9757557277477726	-5.1541601113732405	-15.41088861145078	-5.307195145245526	14.383805416436468
1e-35	42.116522405853836	1.8982413586393176	-3.287850478191872	-9.830640957139433	-7.209469360854923	17.678641007800177
1e-35	41.34773027053012	0.6520599145207626	-1.1294009015289797	-3.376897712728971	-8.204827435138137	19.40265176418262
1e-35	41.34773027053012	-0.6520599145207634	1.129400901528981	3.3768977127289754	-8.204827435138137	19.40265176418262
1e-35	42.11652240585383	-1.8982413586393168	3.2878504781918703	9.830640957139428	-7.209469360854923	17.678641007800177
1e-35	43.58579612148902	-2.975755727747773	5.154160111373241	15.410888611450781	-5.307195145245526	14.383805416436468
1e-35	45.625	-3.7888611415569207	6.562500000000001	19.621811183063983	-2.6670302003597284	9.810905591531984
1e-35	48.05294182788225	-4.265309615795479	7.387732964569855	22.089249722161856	0.4764352322763279	4.366263750369853
1e-35	50.653888318881215	-4.362766612667664	7.55653343470556	22.593961486369896	3.843890454102108	-1.4663397860455198
1e-35	53.19673396320596	-4.072572650318394	7.053902747866895	21.091100620547106	7.136122290824547	-7.168652597544587
1e-35	55.45553576626392	-3.4205127357976317	5.9245018463379155	17.714202907818137	10.060601496029399	-12.233999166638037
1e-35	57.229589275264956	-2.4645252540283464	4.268682956513689	12.763320529230462	12.357475258468623	-16.21230122175466
1e-35	58.36126205062873	-1.2895538880477047	2.2335728531966117	6.67836111071107	13.822656264685	-18.750069166806316
1e-35	60.0	0.0	0.0	0.0	13.594302574203546	-18.354548972796582
1e-35	59.65925826289068	1.294095225512604	-2.2414386804201336	-5.485412803905585	13.23321842623752	-17.729132882711706
1e-35	58.66025403784439	2.5	-4.330127018922192	-10.597003790298272	12.174573270303561	-15.895505685447413
1e-35	57.071067811865476	3.535533905932738	-6.123724356957944	-14.986426480758913	10.49051202428473	-12.978626044285043
1e-35	55.0	4.330127018922194	-7.499999999999999	-18.354548972796582	8.295800679054409	-9.177274486398291
1e-35	52.58819045102521	4.8296291314453415	-8.365163037378077	-20.4718392846645	5.740005185858064	-4.750506838426668
1e-35	50.0	5.000000000000001	-8.660254037844386	-21.19400758059655	2.997298783905269	-1.1238919824664336e-15
1e-35	47.411809548974794	4.829629131445342	-8.365163037378078	-20.4718392846645	0.25459238195247647	4.750506838426662
1e-35	45.0	4.3301270189221945	-7.5	-18.354548972796582	-2.3012031112438676	9.177274486398286
1e-35	42.928932188134524	3.5355339059327386	-6.123724356957945	-14.986426480758917	-4.49591445647419	12.978626044285042
1e-35	41.33974596215562	2.500000000000002	-4.330127018922196	-10.59700379029828	-6.179975702493021	15.895505685447407
1e-35	40.34074173710932	1.2940952255126053	-2.241438680420136	-5.485412803905592	-7.238620858426984	17.729132882711706
1e-35	40.0	6.123233995736767e-16	-1.060575238724907e-15	-2.5955173544682305e-15	-7.599705006393009	18.354548972796582
1e-35	40.34074173710931	-1.294095225512602	2.24143868042013	5.485412803905577	-7.2386208584269855	17.72913288271171
1e-35	41.33974596215561	-2.499999999999999	4.330127018922191	10.59700379029827	-6.179975702493028	15.89550568544742
1e-35	42.928932188134524	-3.5355339059327364	6.123724356957942	14.986426480758906	-4.4959144564741935	12.978626044285047
1e-35	44.99999999999999	-4.330127018922193	7.499999999999997	18.354548972796575	-2.3012031112438764	9.177274486398302
1e-35	47.41180954897479	-4.8296291314453415	8.365163037378077	20.471839284664497	0.2545923819524676	4.750506838426678
1e-35	50.0	-5.000000000000001	8.660254037844386	21.19400758059655	2.9972987839052667	2.951636592775322e-15
1e-35	52.588190451025206	-4.829629131445343	8.36516303737808	20.471839284664505	5.740005185858057	-4.750506838426656
1e-35	54.99999999999999	-4.330127018922196	7.5000000000000036	18.35454897279659	8.2958006790544	-9.177274486398279
1e-35	57.071067811865476	-3.5355339059327395	6.123724356957947	14.986426480758919	10.490512024284726	-12.97862604428504
1e-35	58.66025403784438	-2.5000000000000027	4.330127018922197	10.597003790298285	12.174573270303558	-15.895505685447407
1e-35	59.65925826289068	-1.2940952255126081	2.2414386804201407	5.485412803905603	13.233218426237519	-17.729132882711703
1e-35	61.25	0.0	0.0	0.0	12.988259206904479	-17.30485106904447
1e-35	60.94675479402302	1.2972142729262262	-2.2468410290117435	-4.608148075006442	12.718951575670676	-16.8383965688815
1e-35	60.05336720363839	2.5244953886276003	-4.3725542765763405	-8.967869694514615	11.925547126076768	-15.464179751233633
1e-35	58.6179999850885	3.615680304486784	-6.2625419912972164	-12.844131137544958	10.65081849736545	-13.256285000443027
1e-35	56.718034156656344	4.511942959247122	-7.814914446268686	-16.027962146370815	8.963486639861749	-10.33374049401705
1e-35	54.455897367940516	5.164965601201542	-8.945982840626602	-18.347721567202456	6.954516050753272	-6.854101362769588
1e-35	51.95354199875297	5.539543610693671	-9.594770984464985	-19.6783505692155	4.732210854501506	-3.004955852937205
1e-35	49.345870674757144	5.615483390275885	-9.726302541016961	-19.948114598490942	2.4163760994586445	1.0061876047308544
1e-35	46.77346363200024	5.388691006774626	-9.333486610023135	-19.142470606384723	0.13185903670053367	4.96308722818592
1e-35	44.375	4.871392896287468	-8.4375	-17.304851069044478	-1.9981814275943357	8.652425534522234
1e-35	42.27978157397675	4.091476733848401	-7.0866455810113935	-14.534322531378285	-3.8589142606554043	11.87530934069558
1e-35	40.60076212160447	3.090988001648286	-5.353748264440622	-10.98024490397633	-5.350026873819607	14.457992146502775
1e-35	39.42845801615853	1.923863306206888	-3.3322289931677695	-6.834219431670549	-6.391133000151147	16.261240853380226
1e-35	38.82606847540314	0.6530226419544208	-1.131068394357916	-2.319759420831644	-6.9261063388992135	17.187841856786633
1e-35	38.82606847540314	-0.6530226419544195	1.1310683943579138	2.319759420831639	-6.9261063388992135	17.187841856786633
1e-35	39.42845801615853	-1.9238633062068866	3.3322289931677673	6.834219431670545	-6.391133000151148	16.26124085338023
1e-35	40.60076212160446	-3.0909880016482845	5.353748264440619	10.980244903976326	-5.350026873819608	14.457992146502779
1e-35	42.27978157397675	-4.091476733848399	7.08664558101139	14.534322531378283	-3.858914260655408	11.875309340695587
1e-35	44.37499999999999	-4.871392896287467	8.437499999999996	17.304851069044464	-1.998181427594342	8.652425534522244
1e-35	46.77346363200023	-5.388691006774625	9.333486610023133	19.14247060638472	0.13185903670052923	4.963087228185927
1e-35	49.345870674757144	-5.615483390275885	9.726302541016961	19.948114598490942	2.41637609945864	1.0061876047308622
1e-35	51.95354199875296	-5.539543610693672	9.594770984464986	19.678350569215503	4.732210854501502	-3.0049558529371976
1e-35	54.45589736794051	-5.164965601201542	8.945982840626602	18.347721567202456	6.954516050753268	-6.8541013627695815
1e-35	56.718034156656344	-4.511942959247123	7.814914446268688	16.027962146370818	8.963486639861745	-10.333740494017043
1e-35	58.6179999850885	-3.6156803044867862	6.26254199129722	12.84413113754496	10.650818497365446	-13.256285000443018
1e-35	60.05336720363839	-2.5244953886276016	4.372554276576343	8.967869694514619	11.925547126076767	-15.46417975123363
1e-35	60.94675479402302	-1.2972142729262277	2.246841029011746	4.608148075006447	12.718951575670676	-16.8383965688815
1e-35	62.5	0.0	0.0	0.0	12.475562471738638	-16.41683427486255
1e-35	62.22684500917257	1.2994480676109958	-2.250710074899442	-3.941283658708012	12.26843966928183	-16.058087057601306
1e-35	61.41931822053251	2.542104019223751	-4.403053319420586	-7.710314309153195	11.65612352226425	-14.997524380672044
1e-35	60.112712429686844	3.673657826827958	-6.36296200568909	-11.142367226095445	10.665375184529427	-13.281497922200918
1e-35	58.36413257948573	4.644655159233714	-8.044778719429706	-14.087445228247299	9.339495112574358	-10.985006272831663
1e-35	56.25	5.412658773652742	-9.375	-16.41683427486254	7.736430627821953	-8.208417137431274
1e-35	53.862712429686844	5.94410322684471	-10.295488794329147	-18.028728886955317	5.926243340612741	-5.073080784769644
1e-35	51.30660579084567	6.21576184605171	-10.766015325109676	-18.85268153524864	3.9880471216400943	-1.7160264584711278
1e-35	48.693394209154334	6.21576184605171	-10.766015325109676	-18.85268153524864	2.0065504461704458	1.716026458471122
1e-35	46.137287570313156	5.944103226844711	-10.295488794329149	-18.028728886955317	0.06835422719779682	5.073080784769642
1e-35	43.75	5.412658773652743	-9.375	-16.416834274862552	-1.7418330600114142	8.20841713743127
1e-35	41.63586742051427	4.644655159233716	-8.044778719429708	-14.087445228247308	-3.3448975447638194	10.985006272831658
1e-35	39.88728757031316	3.6736578268279585	-6.3629620056890905	-11.142367226095446	-4.670777616718889	13.281497922200916
1e-35	38.58068177946749	2.542104019223753	-4.403053319420589	-7.710314309153199	-5.661525954453712	14.99752438067204
1e-35	37.77315499082743	1.2994480676109985	-2.2507100748994464	-3.941283658708021	-6.273842101471294	16.058087057601306
1e-35	37.5	7.65404249467096e-16	-1.3257190484061335e-15	-2.3215050573559444e-15	-6.4809649039281005	16.41683427486255
1e-35	37.77315499082743	-1.2994480676109943	2.2507100748994393	3.9412836587080076	-6.273842101471294	16.058087057601306
1e-35	38.58068177946748	-2.5421040192237494	4.403053319420583	7.710314309153189	-5.661525954453715	14.997524380672047
1e-35	39.887287570313156	-3.673657826827957	6.362962005689088	11.142367226095443	-4.670777616718891	13.281497922200922
1e-35	41.63586742051427	-4.6446551592337135	8.044778719429704	14.087445228247297	-3.3448975447638256	10.985006272831669
1e-35	43.74999999999999	-5.4126587736527405	9.374999999999996	16.416834274862545	-1.7418330600114214	8.208417137431283
1e-35	46.137287570313156	-5.94410322684471	10.295488794329147	18.028728886955314	0.0683542271977946	5.073080784769647
1e-35	48.69339420915432	-6.21576184605171	10.766015325109676	18.852681535248635	2.0065504461704373	1.7160264584711362
1e-35	51.306605790845666	-6.21576184605171	10.766015325109676	18.85268153524864	3.988047121640088	-1.716026458471117
1e-35	53.86271242968684	-5.944103226844711	10.295488794329149	18.028728886955317	5.926243340612739	-5.073080784769642
1e-35	56.24999999999999	-5.412658773652745	9.375000000000004	16.416834274862556	7.736430627821947	-8.208417137431264
1e-35	58.36413257948573	-4.644655159233717	8.04477871942971	14.087445228247308	9.339495112574355	-10.985006272831656
1e-35	60.11271242968684	-3.6736578268279594	6.362962005689092	11.14236722609545	10.665375184529424	-13.281497922200915
1e-35	61.4193182205325	-2.542104019223756	4.403053319420595	7.710314309153209	11.656123522264247	-14.997524380672038
1e-35	62.22684500917257	-1.2994480676109994	2.250710074899448	3.941283658708023	12.26843966928183	-16.058087057601306
1e-35	63.75	0.0	0.0	0.0	12.034473138327888	-15.652845138718442
1e-35	63.50151958736222	1.3011023049778205	-2.2535752980665613	-3.4205929841529343	11.871159624679414	-15.369977835516693
1e-35	62.765059078971	2.5551793826647526	-4.425700513227829	-6.71755682559049	11.387121659626455	-14.531599487252718
1e-35	61.56723607642874	3.7169056200072346	-6.437869380790827	-9.771730660927613	10.599853636374647	-13.16801127180627
1e-35	59.951343023944716	4.744293203939521	-8.217356875226981	-12.472728690182906	9.537809472491134	-11.328496820078016
1e-35	57.97578250660398	5.600209670346059	-9.699847682077925	-14.722929807197362	8.23937421118774	-9.079540977161573
1e-35	55.71195642877594	6.253719968062316	-10.831760720991944	-16.441005880760255	6.751476685848056	-6.5024268668172365
1e-35	53.241685363254625	6.681204532224352	-11.572185705572029	-17.564861165169468	5.127893389717041	-3.690298107598174
1e-35	50.65425134257646	6.867212956883183	-11.894361747716971	-18.053876602270073	3.427304853321889	-0.7447923597925764
1e-35	48.04317097374233	6.805022412931415	-11.786644565842165	-17.890377900047966	1.7111747772081347	2.22763212443349
1e-35	45.50281550438545	6.496880628663349	-11.252927339554946	-17.08027432759316	0.041528573659829426	5.119544179643642
1e-35	43.125	5.953924651018018	-10.312500000000002	-15.652845138718444	-1.5212883933060395	7.8264225693592175
1e-35	40.99566490825233	5.195778323685527	-8.999352041488383	-13.659681343440225	-2.920791846623435	10.250433655873044
1e-35	39.19176994728667	4.249843030266664	-7.360944052614339	-11.172821074457481	-4.106400085118783	12.303967362819225
1e-35	37.7785125809948	3.1503073368759487	-5.4564923669261445	-8.282145941342465	-5.0352621379807285	13.912803631598843
1e-35	36.80697161280066	1.9369113282848323	-3.3548288303450495	-5.092132474986569	-5.673806510492366	15.018794927676186
1e-35	36.31226106462009	0.6535102977162575	-1.1319130389140208	-1.7180760735628946	-5.998954545319991	15.581967843978807
1e-35	36.31226106462009	-0.6535102977162558	1.131913038914018	1.7180760735628902	-5.998954545319991	15.581967843978807
1e-35	36.80697161280066	-1.9369113282848278	3.354828830345042	5.092132474986556	-5.673806510492367	15.018794927676188
1e-35	37.7785125809948	-3.150307336875947	5.456492366926141	8.28214594134246	-5.0352621379807285	13.912803631598843
1e-35	39.191769947286666	-4.2498430302666605	7.360944052614332	11.17282107445747	-4.106400085118787	12.303967362819233
1e-35	40.99566490825232	-5.195778323685526	8.99935204148838	13.659681343440223	-2.9207918466234375	10.25043365587305
1e-35	43.12499999999999	-5.953924651018015	10.312499999999996	15.652845138718437	-1.5212883933060466	7.82642256935923
1e-35	45.502815504385445	-6.496880628663347	11.252927339554942	17.080274327593163	0.041528573659824985	5.11954417964365
1e-35	48.04317097374233	-6.8050224129314145	11.786644565842163	17.890377900047966	1.7111747772081325	2.227632124433494
1e-35	50.65425134257646	-6.867212956883183	11.894361747716971	18.053876602270073	3.427304853321889	-0.7447923597925764
1e-35	53.24168536325462	-6.681204532224353	11.57218570557203	17.56486116516947	5.127893389717036	-3.6902981075981636
1e-35	55.711956428775935	-6.253719968062318	10.831760720991948	16.441005880760258	6.751476685848052	-6.50242686681723
1e-35	57.97578250660397	-5.600209670346061	9.699847682077928	14.722929807197366	8.239374211187739	-9.07954097716157
1e-35	59.951343023944716	-4.744293203939522	8.217356875226983	12.472728690182908	9.53780947249113	-11.328496820078012
1e-35	61.567236076428735	-3.716905620007239	6.437869380790835	9.771730660927624	10.599853636374643	-13.168011271806261
1e-35	62.76505907897099	-2.555179382664756	4.425700513227835	6.7175568255905	11.387121659626454	-14.531599487252715
1e-35	63.50151958736222	-1.3011023049778234	2.253575298066566	3.420592984152942	11.871159624679413	-15.36997783551669
1e-35	65.0	0.0	0.0	0.0	11.64973777769181	-14.986463946628419
1e-35	64.77211629518312	1.3023613325019778	-2.255755997706529	-3.004960527290642	11.518287787451403	-14.7587858848776
1e-35	64.09538931178862	2.565151074942516	-4.442971990890357	-5.918616849542954	11.127931858166733	-14.082669582320788
1e-35	62.99038105676658	3.750000000000001	-6.495190528383289	-8.652438993786538	10.490530757219481	-12.978658490679809
1e-35	61.490666646784675	4.820907072649046	-8.35005598839629	-11.123361157549311	9.625451594521412	-11.480297428317611
1e-35	59.64181414529809	5.7453333233923365	-9.951209222534075	-13.25630562123228	8.558979362679924	-9.633113337906783
1e-35	57.5	6.495190528383292	-11.25	-14.986463946628419	7.32351828079854	-7.493231973314211
1e-35	55.13030214988503	7.047694655894315	-12.206965220240605	-16.261266148522925	5.956607208676747	-5.12567254697082
1e-35	52.604722665003955	7.386058147591563	-12.793027979286649	-17.04197800709226	4.49977904755059	-2.602372154003179
1e-35	50.0	7.500000000000003	-12.99038105676658	-17.30487798757308	2.997298783905269	-9.176562551387852e-16
1e-35	47.395277334996045	7.386058147591563	-12.793027979286649	-17.041978007092265	1.4948185202599473	2.6023721540031772
1e-35	44.86969785011497	7.047694655894316	-12.206965220240606	-16.261266148522925	0.037990359133790896	5.125672546970819
1e-35	42.5	6.495190528383293	-11.250000000000002	-14.986463946628422	-1.3289207129880003	7.493231973314206
1e-35	40.35818585470191	5.7453333233923365	-9.951209222534075	-13.25630562123228	-2.564381794869388	9.633113337906783
1e-35	38.50933335321533	4.820907072649048	-8.350055988396294	-11.123361157549313	-3.630854026710872	11.480297428317606
1e-35	37.00961894323342	3.750000000000001	-6.495190528383289	-8.652438993786538	-4.495933189408944	12.978658490679809
1e-35	35.90461068821138	2.5651510749425173	-4.44297199089036	-5.918616849542957	-5.133334290356194	14.082669582320785
1e-35	35.227883704816875	1.3023613325019805	-2.255755997706534	-3.0049605272906477	-5.523690219640864	14.758785884877598
1e-35	35.0	9.184850993605152e-16	-1.5908628580873604e-15	-2.1192363437116864e-15	-5.655140209881273	14.986463946628419
1e-35	35.227883704816875	-1.3023613325019756	2.2557559977065256	3.0049605272906366	-5.523690219640866	14.7587858848776
1e-35	35.90461068821137	-2.5651510749425155	4.442971990890356	5.918616849542953	-5.133334290356196	14.082669582320788
1e-35	37.00961894323342	-3.749999999999999	6.4951905283832865	8.652438993786536	-4.495933189408945	12.978658490679813
1e-35	38.509333353215325	-4.820907072649046	8.35005598839629	11.123361157549311	-3.6308540267108755	11.480297428317613
1e-35	40.35818585470191	-5.745333323392336	9.951209222534075	13.256305621232277	-2.564381794869388	9.633113337906783
1e-35	42.49999999999999	-6.49519052838329	11.249999999999996	14.986463946628415	-1.3289207129880065	7.493231973314217
1e-35	44.86969785011496	-7.047694655894314	12.206965220240603	16.261266148522918	0.03799035913378601	5.1256725469708275
1e-35	47.395277334996045	-7.386058147591563	12.793027979286649	17.041978007092265	1.4948185202599473	2.6023721540031772
1e-35	50.0	-7.500000000000003	12.99038105676658	17.30487798757308	2.997298783905267	2.4100072111135474e-15
1e-35	52.60472266500395	-7.386058147591563	12.793027979286649	17.041978007092265	4.499779047550587	-2.602372154003173
1e-35	55.130302149885026	-7.0476946558943165	12.206965220240608	16.261266148522925	5.956607208676742	-5.1256725469708115
1e-35	57.5	-6.495190528383292	11.25	14.986463946628419	7.32351828079854	-7.493231973314211
1e-35	59.64181414529809	-5.745333323392337	9.951209222534077	13.256305621232283	8.558979362679924	-9.633113337906781
1e-35	61.49066664678467	-4.820907072649049	8.350055988396296	11.123361157549315	9.625451594521408	-11.480297428317604
1e-35	62.99038105676658	-3.750000000000005	6.495190528383296	8.652438993786546	10.490530757219478	-12.978658490679805
1e-35	64.09538931178862	-2.5651510749425217	4.442971990890367	5.918616849542967	11.127931858166729	-14.082669582320783
1e-35	64.77211629518312	-1.3023613325019783	2.25575599770653	3.0049605272906423	11.518287787451401	-14.758785884877598
1e-35	66.25	0.0	0.0	0.0	11.310295735279457	-14.398533082945274
1e-35	66.03956676786609	1.3033416569693022	-2.257453969491838	-2.6669969774731785	11.20264460806733	-14.212075861121809
1e-35	65.41371718164112	2.5729274496369645	-4.456441066959835	-5.264920134138841	10.882479334079209	-13.657533339755174
1e-35	64.38866041686467	3.77587577285562	-6.540008681654333	-7.726484624865578	10.358092025736308	-12.749267878860982
1e-35	62.99094490530689	4.881030896933579	-8.454193506802445	-9.987937222343888	9.64306403887673	-11.510803076786503
1e-35	61.25677074453099	5.859769884668493	-10.149419160907849	-11.990707492185464	8.755914222773225	-9.974214521369845
1e-35	59.23105213438129	6.686743910385959	-11.581780189990269	-13.682924736408216	7.719619291664518	-8.179299049063477
1e-35	56.96625412279963	7.3405347812093575	-12.714179195781096	-15.020761417267583	6.56101873992565	-6.172544027774424
1e-35	54.521033788642356	7.804209657004901	-13.517287638852167	-15.969568267462575	5.310119713261798	-4.005923358454178
1e-35	51.958721054149	8.06575960204669	-13.97030543238139	-16.504771687958446	3.999319839396536	-1.735551378364668
1e-35	49.34567847322201	8.118410610144005	-14.061499653475662	-16.612510191293772	2.6625681465314868	0.5797704707813035
1e-35	46.74958247613928	7.960799047843427	-13.788508419710753	-16.289993406824596	1.3344858013485048	2.880076569273455
1e-35	44.2376705855588	7.597006971818997	-13.158402060645482	-15.5455743498584	0.04946943897828282	5.105790197456019
1e-35	41.875	7.036456405748567	-12.1875	-14.398533082945276	-1.159199691781824	7.199266541472634
1e-35	39.72276264657512	6.2936653148496955	-10.900948091153644	-12.878577372385221	-2.260217695329805	9.106285663665787
1e-35	37.836700342219615	5.387871598206464	-9.332067352750922	-11.02507327268576	-3.2250687837119063	10.777456770481715
1e-35	36.26566110991334	4.342534837288386	-7.52149097182133	-8.886025566428195	-4.028763820551986	12.169497408079673
1e-35	35.05033404054411	3.1847287051131112	-5.516111925578947	-6.51683446561456	-4.650487526557459	13.246354455151168
1e-35	34.222195466826655	1.94443977233641	-3.367868477944322	-3.9788607752771177	-5.074137584319216	13.980137879824019
1e-35	33.80269374281909	0.6537908708233996	-1.1323990057908286	-1.337836680859371	-5.288741679874363	14.351843076837902
1e-35	33.80269374281909	-0.6537908708233939	1.1323990057908186	1.3378366808593594	-5.288741679874363	14.351843076837902
1e-35	34.222195466826655	-1.9444397723364046	3.3678684779443127	3.9788607752771066	-5.074137584319217	13.980137879824023
1e-35	35.05033404054411	-3.1847287051131095	5.516111925578945	6.516834465614556	-4.650487526557459	13.246354455151168
1e-35	36.26566110991333	-4.342534837288381	7.521490971821322	8.886025566428186	-4.0287638205519904	12.16949740807968
1e-35	37.8367003422196	-5.38787159820646	9.332067352750915	11.02507327268575	-3.2250687837119107	10.777456770481722
1e-35	39.72276264657511	-6.293665314849692	10.900948091153637	12.878577372385214	-2.2602176953298105	9.106285663665798
1e-35	41.87499999999999	-7.036456405748564	12.187499999999996	14.39853308294527	-1.1591996917818301	7.199266541472645
1e-35	44.23767058555879	-7.597006971818996	13.15840206064548	15.545574349858398	0.04946943897827927	5.105790197456026
1e-35	46.749582476139274	-7.960799047843427	13.788508419710753	16.289993406824596	1.334485801348503	2.880076569273458
1e-35	49.345678473222	-8.118410610144005	14.061499653475662	16.612510191293772	2.662568146531485	0.5797704707813067
1e-35	51.95872105414899	-8.065759602046692	13.970305432381394	16.50477168795845	3.999319839396528	-1.735551378364655
1e-35	54.52103378864235	-7.804209657004903	13.517287638852169	15.969568267462579	5.310119713261793	-4.005923358454169
1e-35	56.966254122799626	-7.340534781209359	12.7141791957811	15.020761417267586	6.561018739925647	-6.172544027774419
1e-35	59.23105213438128	-6.686743910385961	11.581780189990273	13.68292473640822	7.719619291664515	-8.179299049063472
1e-35	61.25677074453099	-5.859769884668495	10.14941916090785	11.990707492185468	8.755914222773223	-9.974214521369843
1e-35	62.99094490530688	-4.881030896933585	8.454193506802456	9.9879372223439	9.643064038876727	-11.510803076786495
1e-35	64.38866041686465	-3.7758757728556254	6.540008681654343	7.72648462486559	10.358092025736305	-12.749267878860977
1e-35	65.41371718164112	-2.572927449636969	4.456441066959843	5.26492013413885	10.882479334079207	-13.657533339755172
1e-35	66.03956676786609	-1.3033416569693053	2.257453969491843	2.666996977473185	11.20264460806733	-14.212075861121809
1e-35	67.5	0.0	0.0	0.0	11.007904966918495	-13.874776908404298
1e-35	67.30453945893976	1.3041198290415266	-2.258801803057962	-2.3878377979223315	10.918433114418361	-13.719807114026757
1e-35	66.72252410125746	2.5791077760954124	-4.46714570639323	-4.722335245222261	10.652016210255024	-13.25835950002065
1e-35	65.76695518829234	3.7964827172786344	-6.575700956383742	-6.951343526568016	10.214605567826816	-12.500742043563648
1e-35	64.45917855052991	4.929050508056694	-8.53736591302738	-9.025070280279639	9.615972218086249	-11.463878666707837
1e-35	62.828407757021964	5.951511455495546	-10.308320222746483	-10.89719187740952	8.869488640854694	-10.17093118392702
1e-35	60.91107153252784	6.8410254715952625	-11.849003692675831	-12.52588821506559	7.991830045720532	-8.650781905455128
1e-35	58.75	7.57772228311384	-13.125	-13.8747769084043	7.002601875411881	-6.937388454202147
1e-35	56.393467926411915	8.14514530063679	-14.107805495733793	-14.913726012987924	5.923901852603098	-5.069025208571628
1e-35	53.8941163442355	8.530619231590958	-14.77546592913971	-15.61952712263178	4.779826353305599	-3.087428316093629
1e-35	51.30777663776242	8.725533225335328	-15.11306686941112	-15.976413806847656	3.595932133645835	-1.03686337685581
1e-35	48.69222336223758	8.725533225335328	-15.11306686941112	-15.976413806847656	2.3986654341647013	1.0368633768558113
1e-35	46.1058836557645	8.530619231590958	-14.77546592913971	-15.61952712263178	1.214771214504939	3.087428316093628
1e-35	43.606532073588085	8.14514530063679	-14.107805495733793	-14.913726012987924	0.07069571520743834	5.06902520857163
1e-35	41.25	7.577722283113839	-13.124999999999996	-13.874776908404296	-1.0080043076013467	6.937388454202152
1e-35	39.088928467472165	6.841025471595263	-11.849003692675831	-12.525888215065592	-1.9972324779099937	8.650781905455126
1e-35	37.171592242978036	5.951511455495545	-10.308320222746481	-10.897191877409519	-2.8748910730441573	10.17093118392702
1e-35	35.54082144947009	4.929050508056692	-8.537365913027376	-9.025070280279635	-3.621374650275712	11.463878666707837
1e-35	34.23304481170767	3.7964827172786353	-6.575700956383744	-6.951343526568018	-4.220008000016277	12.500742043563646
1e-35	33.27747589874254	2.5791077760954124	-4.46714570639323	-4.722335245222261	-4.657418642444487	13.258359500020648
1e-35	32.69546054106025	1.3041198290415252	-2.2588018030579593	-2.387837797922329	-4.923835546607824	13.719807114026757
1e-35	32.5	1.0715659492539343e-15	-1.856006667768587e-15	-1.9620326442514286e-15	-5.013307399107958	13.874776908404298
1e-35	32.69546054106025	-1.3041198290415268	2.258801803057962	2.387837797922332	-4.923835546607824	13.719807114026757
1e-35	33.27747589874254	-2.5791077760954138	4.467145706393231	4.722335245222264	-4.657418642444487	13.258359500020648
1e-35	34.233044811707664	-3.7964827172786335	6.5757009563837405	6.951343526568015	-4.220008000016277	12.500742043563646
1e-35	35.54082144947009	-4.929050508056694	8.53736591302738	9.025070280279639	-3.621374650275712	11.463878666707837
1e-35	37.17159224297804	-5.951511455495546	10.308320222746483	10.89719187740952	-2.8748910730441573	10.17093118392702
1e-35	39.08892846747216	-6.841025471595262	11.84900369267583	12.525888215065589	-1.9972324779099964	8.650781905455132
1e-35	41.25000000000001	-7.577722283113841	13.125000000000002	13.874776908404302	-1.0080043076013432	6.937388454202146
1e-35	43.60653207358809	-8.14514530063679	14.107805495733793	14.913726012987924	0.07069571520744011	5.069025208571627
1e-35	46.105883655764494	-8.530619231590958	14.77546592913971	15.61952712263178	1.2147712145049372	3.087428316093631
1e-35	48.692223362237584	-8.725533225335328	15.11306686941112	15.976413806847656	2.398665434164705	1.0368633768558053
1e-35	51.30777663776243	-8.725533225335328	15.11306686941112	15.976413806847656	3.595932133645837	-1.0368633768558133
1e-35	53.8941163442355	-8.530619231590958	14.77546592913971	15.61952712263178	4.779826353305597	-3.0874283160936264
1e-35	56.393467926411915	-8.145145300636788	14.10780549573379	14.91372601298792	5.923901852603102	-5.0690252085716345
1e-35	58.75	-7.5777222831138396	13.124999999999998	13.874776908404298	7.002601875411883	-6.93738845420215
1e-35	60.911071532527835	-6.841025471595263	11.849003692675831	12.525888215065592	7.99183004572053	-8.650781905455124
1e-35	62.828407757021964	-5.9515114554955435	10.308320222746477	10.897191877409515	8.869488640854696	-10.170931183927024
1e-35	64.45917855052991	-4.929050508056693	8.537365913027378	9.025070280279637	9.615972218086249	-11.463878666707837
1e-35	65.76695518829233	-3.796482717278636	6.575700956383746	6.95134352656802	10.214605567826814	-12.500742043563646
1e-35	66.72252410125746	-2.5791077760954093	4.467145706393223	4.722335245222256	10.652016210255024	-13.25835950002065
1e-35	67.30453945893976	-1.3041198290415261	2.258801803057961	2.3878377979223306	10.918433114418361	-13.719807114026757
